199 236
199 237
199 238
199 239
199 240
199 241
199 242
199 243
199 244
199 245
199 246
199 247
199 248
199 249
199 250
199 251
199 252
199 253
199 254
199 255
199 256
199 257
199 258
199 259
199 260
199 261
199 262
199 263
199 264
199 265
199 266
200 236
200 266
201 236
201 266
202 236
202 266
203 236
203 266
204 236
204 266
205 236
205 266
206 236
206 266
207 236
207 266
208 236
208 266
209 236
209 266
210 236
210 266
211 236
211 266
212 236
212 266
213 236
213 266
214 236
214 266
215 236
215 266
216 236
216 266
217 236
217 266
218 236
218 266
219 236
219 266
220 236
220 266
221 236
221 266
222 236
222 266
223 236
223 266
224 236
224 266
225 236
225 266
226 236
226 266
227 236
227 266
228 236
228 266
229 236
229 266
230 236
230 266
231 236
231 237
231 238
231 239
231 240
231 241
231 242
231 243
231 244
231 245
231 246
231 247
231 248
231 249
231 250
231 251
231 252
231 253
231 254
231 255
231 256
231 257
231 258
231 259
231 260
231 261
231 262
231 263
231 264
231 265
231 266
304 24
304 25
304 26
304 27
304 28
304 29
304 30
304 31
304 32
304 33
304 34
304 35
304 36
304 37
304 38
304 39
304 40
304 41
304 42
304 43
304 44
304 45
304 46
304 47
304 48
304 49
304 50
304 51
304 52
304 53
304 54
304 55
304 56
304 57
304 467
304 468
304 469
304 470
304 471
304 472
304 473
304 474
304 475
304 476
304 477
304 478
304 479
304 480
304 481
304 482
304 483
304 484
304 485
304 486
304 487
304 488
304 489
304 490
304 491
304 492
304 493
304 494
304 495
304 496
304 497
304 498
304 499
304 500
304 558
304 559
304 560
304 561
304 562
304 563
304 564
304 565
304 566
304 567
304 568
304 569
304 570
304 571
304 572
304 573
304 574
304 575
304 576
304 577
304 578
304 579
304 580
304 581
304 582
304 583
304 584
304 585
304 586
304 587
304 588
304 589
304 590
304 591
304 752
304 753
304 754
304 755
304 756
304 757
304 758
304 759
304 760
304 761
304 762
304 763
304 764
304 765
304 766
304 767
304 768
304 769
304 770
304 771
304 772
304 773
304 774
304 775
304 776
304 777
304 778
304 779
304 780
304 781
304 782
304 783
304 784
304 785
304 883
304 884
304 885
304 886
304 887
304 888
304 889
304 890
304 891
304 892
304 893
304 894
304 895
304 896
304 897
304 898
304 899
304 900
304 901
304 902
304 903
304 904
304 905
304 906
304 907
304 908
304 909
304 910
304 911
304 912
304 913
304 914
304 915
304 916
304 917
304 918
304 919
304 920
304 921
305 24
305 57
305 467
305 500
305 558
305 591
305 752
305 785
305 882
305 920
306 24
306 57
306 467
306 500
306 558
306 591
306 752
306 785
306 882
306 920
307 24
307 57
307 467
307 500
307 558
307 591
307 752
307 785
307 881
307 919
308 24
308 57
308 467
308 500
308 558
308 591
308 752
308 785
308 881
308 919
309 24
309 57
309 467
309 500
309 558
309 591
309 752
309 785
309 880
309 918
310 24
310 57
310 467
310 500
310 558
310 591
310 752
310 785
310 879
310 918
311 24
311 57
311 467
311 500
311 558
311 591
311 752
311 785
311 879
311 917
312 24
312 57
312 467
312 500
312 558
312 591
312 752
312 785
312 878
312 916
313 24
313 57
313 467
313 500
313 558
313 591
313 752
313 785
313 878
313 916
314 24
314 57
314 467
314 500
314 558
314 591
314 752
314 785
314 877
314 915
315 24
315 57
315 467
315 500
315 558
315 591
315 752
315 785
315 876
315 915
316 24
316 57
316 467
316 500
316 558
316 591
316 752
316 785
316 876
316 914
317 24
317 57
317 467
317 500
317 558
317 591
317 752
317 785
317 875
317 914
318 24
318 57
318 467
318 500
318 558
318 591
318 752
318 785
318 875
318 913
319 24
319 57
319 467
319 500
319 558
319 591
319 752
319 785
319 874
319 913
320 24
320 57
320 467
320 500
320 558
320 591
320 752
320 785
320 873
320 912
321 24
321 57
321 467
321 500
321 558
321 591
321 752
321 785
321 873
321 911
322 24
322 57
322 467
322 500
322 558
322 591
322 752
322 785
322 872
322 911
323 24
323 57
323 467
323 500
323 558
323 591
323 752
323 785
323 872
323 910
324 24
324 57
324 467
324 500
324 558
324 591
324 752
324 785
324 871
324 910
325 24
325 57
325 467
325 500
325 558
325 591
325 752
325 785
325 870
325 909
326 24
326 57
326 467
326 500
326 558
326 591
326 752
326 785
326 870
326 909
327 24
327 57
327 467
327 500
327 558
327 591
327 752
327 785
327 869
327 908
328 24
328 57
328 467
328 500
328 558
328 591
328 752
328 785
328 869
328 907
329 24
329 57
329 467
329 500
329 558
329 591
329 752
329 785
329 868
329 907
330 24
330 57
330 467
330 500
330 558
330 591
330 752
330 785
330 867
330 906
331 24
331 57
331 467
331 500
331 558
331 591
331 752
331 785
331 867
331 906
332 24
332 57
332 467
332 500
332 558
332 591
332 752
332 785
332 866
332 905
333 24
333 57
333 467
333 500
333 558
333 591
333 752
333 785
333 866
333 905
334 24
334 25
334 26
334 27
334 28
334 29
334 30
334 31
334 32
334 33
334 34
334 35
334 36
334 37
334 38
334 39
334 40
334 41
334 42
334 43
334 44
334 45
334 46
334 47
334 48
334 49
334 50
334 51
334 52
334 53
334 54
334 55
334 56
334 57
334 467
334 468
334 469
334 470
334 471
334 472
334 473
334 474
334 475
334 476
334 477
334 478
334 479
334 480
334 481
334 482
334 483
334 484
334 485
334 486
334 487
334 488
334 489
334 490
334 491
334 492
334 493
334 494
334 495
334 496
334 497
334 498
334 499
334 500
334 558
334 559
334 560
334 561
334 562
334 563
334 564
334 565
334 566
334 567
334 568
334 569
334 570
334 571
334 572
334 573
334 574
334 575
334 576
334 577
334 578
334 579
334 580
334 581
334 582
334 583
334 584
334 585
334 586
334 587
334 588
334 589
334 590
334 591
334 752
334 753
334 754
334 755
334 756
334 757
334 758
334 759
334 760
334 761
334 762
334 763
334 764
334 765
334 766
334 767
334 768
334 769
334 770
334 771
334 772
334 773
334 774
334 775
334 776
334 777
334 778
334 779
334 780
334 781
334 782
334 783
334 784
334 785
334 865
334 866
334 867
334 868
334 869
334 870
334 871
334 872
334 873
334 874
334 875
334 876
334 877
334 878
334 879
334 880
334 881
334 882
334 883
334 884
334 885
334 886
334 887
334 888
334 889
334 890
334 891
334 892
334 893
334 894
334 895
334 896
334 897
334 898
334 899
334 900
334 901
334 902
334 903
334 904
681 236
681 237
681 238
681 239
681 240
681 241
681 242
681 243
681 244
681 245
681 246
681 247
681 248
681 249
681 250
681 251
681 252
681 253
681 254
681 255
681 256
681 257
681 258
681 259
681 260
681 261
681 262
681 263
681 264
681 265
681 266
681 520
681 521
681 522
681 523
681 524
681 525
681 526
681 527
681 528
681 529
681 530
681 531
681 532
681 533
681 534
681 535
681 536
681 537
681 538
681 539
681 540
681 541
681 542
681 543
681 544
681 545
681 546
681 547
681 548
681 549
681 550
681 551
682 236
682 266
682 306
682 307
682 308
682 309
682 310
682 311
682 312
682 313
682 314
682 315
682 316
682 317
682 318
682 319
682 320
682 321
682 322
682 323
682 324
682 325
682 326
682 327
682 328
682 329
682 330
682 331
682 332
682 333
682 334
682 335
682 336
682 337
682 338
682 339
682 520
682 551
683 236
683 266
683 306
683 339
683 520
683 551
684 236
684 266
684 306
684 339
684 520
684 551
685 236
685 266
685 306
685 339
685 520
685 551
686 236
686 266
686 306
686 339
686 520
686 551
687 236
687 266
687 306
687 339
687 520
687 551
688 236
688 266
688 306
688 339
688 520
688 551
689 236
689 266
689 306
689 339
689 520
689 551
690 236
690 266
690 306
690 339
690 520
690 551
691 236
691 266
691 306
691 339
691 520
691 551
692 236
692 266
692 306
692 339
692 520
692 551
693 236
693 266
693 306
693 339
693 520
693 551
694 236
694 266
694 306
694 339
694 520
694 551
695 236
695 266
695 306
695 339
695 520
695 551
696 236
696 266
696 306
696 339
696 520
696 551
697 236
697 266
697 306
697 339
697 520
697 551
698 236
698 266
698 306
698 339
698 520
698 551
699 236
699 266
699 306
699 339
699 520
699 551
700 236
700 266
700 306
700 339
700 520
700 551
701 236
701 266
701 306
701 339
701 520
701 551
702 236
702 266
702 306
702 339
702 520
702 551
703 236
703 266
703 306
703 339
703 520
703 551
704 236
704 266
704 306
704 339
704 520
704 551
705 236
705 266
705 306
705 339
705 520
705 551
706 236
706 266
706 306
706 339
706 520
706 551
707 236
707 266
707 306
707 339
707 520
707 551
708 236
708 266
708 306
708 339
708 520
708 551
709 236
709 266
709 306
709 339
709 520
709 551
710 236
710 266
710 306
710 339
710 520
710 551
711 236
711 266
711 306
711 339
711 520
711 551
712 236
712 266
712 306
712 339
712 520
712 551
713 236
713 266
713 306
713 307
713 308
713 309
713 310
713 311
713 312
713 313
713 314
713 315
713 316
713 317
713 318
713 319
713 320
713 321
713 322
713 323
713 324
713 325
713 326
713 327
713 328
713 329
713 330
713 331
713 332
713 333
713 334
713 335
713 336
713 337
713 338
713 339
713 520
713 551
714 236
714 237
714 238
714 239
714 240
714 241
714 242
714 243
714 244
714 245
714 246
714 247
714 248
714 249
714 250
714 251
714 252
714 253
714 254
714 255
714 256
714 257
714 258
714 259
714 260
714 261
714 262
714 263
714 264
714 265
714 266
714 520
714 521
714 522
714 523
714 524
714 525
714 526
714 527
714 528
714 529
714 530
714 531
714 532
714 533
714 534
714 535
714 536
714 537
714 538
714 539
714 540
714 541
714 542
714 543
714 544
714 545
714 546
714 547
714 548
714 549
714 550
714 551
939 520
940 520
940 521
941 520
941 522
942 520
942 523
943 520
943 523
944 520
944 524
945 520
945 524
946 520
946 524
947 520
947 525
948 520
948 525
949 520
949 526
950 520
950 526
951 520
951 526
952 520
952 527
953 520
953 527
954 520
954 528
955 520
955 528
956 307
956 308
956 309
956 310
956 311
956 312
956 313
956 314
956 315
956 316
956 317
956 318
956 319
956 320
956 321
956 322
956 323
956 324
956 325
956 326
956 327
956 328
956 329
956 330
956 331
956 332
956 333
956 334
956 335
956 336
956 337
956 520
956 528
956 529
956 530
956 531
956 532
956 533
956 534
956 535
956 536
956 537
956 538
956 539
956 540
956 541
956 542
956 543
956 544
956 545
956 546
956 547
956 548
956 549
956 550
957 307
957 337
957 520
957 550
958 265
958 266
958 307
958 337
958 520
958 550
959 262
959 263
959 264
959 266
959 307
959 337
959 520
959 550
960 260
960 261
960 266
960 307
960 337
960 520
960 550
961 257
961 258
961 259
961 266
961 307
961 337
961 520
961 550
962 255
962 256
962 266
962 307
962 337
962 520
962 550
963 252
963 253
963 254
963 266
963 307
963 337
963 520
963 550
964 250
964 251
964 266
964 307
964 337
964 520
964 550
965 249
965 266
965 307
965 337
965 520
965 550
966 247
966 248
966 266
966 307
966 337
966 520
966 550
967 246
967 266
967 307
967 337
967 520
967 550
968 245
968 266
968 307
968 337
968 520
968 550
969 244
969 266
969 307
969 337
969 520
969 550
970 243
970 266
970 307
970 337
970 520
970 550
971 241
971 242
971 266
971 307
971 337
971 520
971 550
972 240
972 266
972 307
972 337
972 520
972 550
973 239
973 266
973 307
973 337
973 520
973 550
974 238
974 266
974 307
974 337
974 520
974 550
975 237
975 266
975 307
975 337
975 520
975 550
976 236
976 266
976 307
976 337
976 520
976 550
977 236
977 266
977 307
977 337
977 520
977 550
978 236
978 266
978 307
978 337
978 520
978 550
979 236
979 266
979 307
979 337
979 520
979 550
980 236
980 266
980 307
980 337
980 520
980 550
981 236
981 266
981 307
981 337
981 520
981 550
982 236
982 266
982 307
982 337
982 520
982 550
983 236
983 266
983 307
983 337
983 520
983 550
984 236
984 266
984 307
984 337
984 520
984 550
985 236
985 266
985 307
985 337
985 520
985 550
986 236
986 266
986 307
986 337
986 520
986 550
987 236
987 266
987 307
987 337
987 520
987 550
988 236
988 266
988 307
988 337
988 520
988 550
989 236
989 266
989 307
989 308
989 309
989 310
989 311
989 312
989 313
989 314
989 315
989 316
989 317
989 318
989 319
989 320
989 321
989 322
989 323
989 324
989 325
989 326
989 327
989 328
989 329
989 330
989 331
989 332
989 333
989 334
989 335
989 336
989 337
989 520
989 528
989 529
989 530
989 531
989 532
989 533
989 534
989 535
989 536
989 537
989 538
989 539
989 540
989 541
989 542
989 543
989 544
989 545
989 546
989 547
989 548
989 549
989 550
990 236
990 266
990 520
990 528
991 236
991 266
991 520
991 528
992 236
992 266
992 520
992 527
993 236
993 266
993 520
993 527
994 236
994 520
994 526
995 236
995 265
995 520
995 526
996 236
996 264
996 520
996 526
997 236
997 263
997 520
997 525
998 236
998 262
998 520
998 525
999 236
999 261
999 520
999 524
1000 236
1000 261
1000 520
1000 524
1001 236
1001 260
1001 520
1001 523
1002 236
1002 260
1002 520
1002 523
1003 236
1003 259
1003 520
1003 522
1004 236
1004 259
1004 520
1004 521
1005 236
1005 259
1005 520
1005 521
1006 236
1006 259
1006 520
1007 236
1007 258
1008 236
1008 258
1009 236
1009 258
1010 236
1010 258
1011 236
1011 258
1012 236
1012 258
1013 236
1013 258
1014 236
1014 258
1015 236
1015 258
1016 236
1016 258
1017 236
1017 258
1018 236
1018 258
1019 236
1019 258
1020 236
1020 258
1021 236
1021 258
1022 236
1022 258
1023 236
1023 259
1024 236
1024 259
1025 236
1025 260
1026 236
1026 260
1027 236
1027 260
1028 236
1028 261
1029 236
1029 262
1030 236
1030 263
1031 236
1031 264
1032 236
1032 265
1033 236
1034 236
1034 266
1035 236
1035 266
1036 236
1036 266
1037 236
1037 266
1038 236
1038 266
1039 236
1039 266
1040 236
1040 266
1041 236
1041 266
1042 236
1042 266
1043 236
1043 266
1044 236
1044 266
1045 236
1045 266
1046 236
1046 266
1047 236
1047 266
1048 236
1048 266
1049 236
1049 266
1050 236
1050 266
1051 236
1051 266
1052 237
1052 266
1053 238
1053 266
1054 239
1054 266
1055 240
1055 266
1056 241
1056 266
1057 242
1057 243
1057 266
1058 244
1058 266
1059 245
1059 266
1060 246
1060 266
1061 247
1061 248
1061 266
1062 249
1062 266
1063 250
1063 251
1063 266
1064 252
1064 253
1064 266
1065 254
1065 255
1065 266
1066 256
1066 257
1066 258
1066 266
1067 259
1067 260
1067 261
1067 266
1068 262
1068 263
1068 266
1069 264
1069 265
1069 266
1180 863
1180 864
1180 865
1180 866
1180 867
1180 868
1180 869
1180 870
1180 871
1180 872
1180 873
1180 874
1180 875
1180 876
1180 877
1180 878
1180 879
1180 880
1180 881
1180 882
1180 883
1180 884
1180 885
1180 886
1180 887
1180 888
1180 889
1180 890
1180 891
1180 892
1180 893
1180 894
1180 895
1180 896
1181 863
1181 896
1182 863
1182 896
1183 863
1183 896
1184 863
1184 896
1185 863
1185 896
1186 863
1186 896
1187 863
1187 896
1188 863
1188 896
1189 863
1189 896
1190 863
1190 896
1191 863
1191 896
1192 863
1192 896
1193 863
1193 896
1194 863
1194 896
1195 863
1195 896
1196 863
1196 896
1197 863
1197 896
1198 863
1198 896
1199 863
1199 896
1200 863
1200 896
1201 863
1201 896
1202 863
1202 896
1203 863
1203 896
1204 863
1204 896
1205 863
1205 896
1206 863
1206 896
1207 863
1207 896
1208 863
1208 896
1209 863
1209 896
1210 863
1210 896
1211 863
1211 864
1211 865
1211 866
1211 867
1211 868
1211 869
1211 870
1211 871
1211 872
1211 873
1211 874
1211 875
1211 876
1211 877
1211 878
1211 879
1211 880
1211 881
1211 882
1211 883
1211 884
1211 885
1211 886
1211 887
1211 888
1211 889
1211 890
1211 891
1211 892
1211 893
1211 894
1211 895
1211 896
1423 550
1424 549
1424 550
1425 548
1425 550
1426 547
1426 550
1427 546
1427 550
1428 545
1428 550
1429 544
1429 550
1430 543
1430 550
1431 541
1431 542
1431 550
1432 539
1432 540
1432 550
1433 536
1433 537
1433 538
1433 550
1434 533
1434 534
1434 535
1434 550
1435 529
1435 530
1435 531
1435 532
1435 550
1436 520
1436 521
1436 522
1436 523
1436 524
1436 525
1436 526
1436 527
1436 528
1436 550
1437 520
1437 550
1438 520
1438 550
1439 520
1439 550
1440 520
1440 550
1441 520
1441 550
1442 520
1442 550
1443 520
1443 550
1444 520
1444 550
1445 520
1445 550
1446 520
1446 550
1447 520
1447 550
1448 520
1448 550
1449 520
1449 550
1450 520
1450 550
1451 520
1451 550
1452 520
1452 550
1453 520
1453 550
1454 520
1454 550
1455 520
1455 550
1456 520
1456 550
1457 520
1457 550
1458 520
1458 550
1459 520
1459 550
1460 520
1460 550
1461 520
1461 550
1462 520
1462 550
1463 520
1463 550
1464 520
1464 548
1464 549
1465 520
1465 546
1465 547
1466 520
1466 543
1466 544
1466 545
1467 520
1467 539
1467 540
1467 541
1467 542
1468 520
1468 532
1468 533
1468 534
1468 535
1468 536
1468 537
1468 538
1469 520
1469 521
1469 522
1469 523
1469 524
1469 525
1469 526
1469 527
1469 528
1469 529
1469 530
1469 531
1469 532
