38 0
38 398
38 408
65 0
84 528
88 54
88 27
92 54
94 528
125 658
125 668
165 595
175 595
174 27
174 37
202 89
219 436
229 436
263 497
299 832
299 842
315 273
332 508
341 953
352 267
372 27
372 470
372 480
406 85
433 85
406 362
416 362
433 144
433 436
460 336
465 179
465 206
476 788
481 797
543 782
649 765
669 561
684 215
694 215
700 719
707 936
710 719
711 450
717 196
717 977
718 206
718 473
783 893
906 456
941 867
956 562
959 285
959 909
956 572
969 541
976 402
986 402
986 848
997 705
1000 179
1000 189
1005 883
1005 893
1012 309
1012 319
1039 183
1042 189
1182 721
1192 721
1247 589
1326 866
1335 883
1352 897
1397 457
1415 392
1415 382
1443 874
1445 864
1600 688
1640 397
