38 0
38 1
38 2
38 398
38 425
39 3
39 4
39 5
39 6
39 7
39 398
39 425
40 8
40 9
40 10
40 11
40 398
40 425
41 12
41 13
41 14
41 15
41 398
41 425
42 16
42 17
42 18
42 398
42 425
43 19
43 20
43 21
43 398
43 425
44 22
44 23
44 398
44 425
45 24
45 25
45 26
45 398
45 425
46 27
46 28
46 398
46 425
47 29
47 30
47 398
47 425
48 31
48 398
48 425
49 32
49 33
49 398
49 425
50 34
50 398
50 426
51 35
51 398
51 426
52 36
52 398
52 427
53 37
53 399
53 427
54 38
54 39
54 399
54 428
55 40
55 400
55 428
56 41
56 400
56 429
57 42
57 400
57 430
58 42
58 401
58 430
59 43
59 401
59 431
60 44
60 402
60 432
61 45
61 402
61 433
62 45
62 403
62 434
63 46
63 403
63 435
63 436
64 46
64 403
64 437
64 438
65 0
65 1
65 47
65 404
65 439
65 440
65 441
66 2
66 3
66 4
66 5
66 47
66 404
66 442
66 443
66 444
67 6
67 7
67 8
67 48
67 405
67 445
67 446
67 447
68 9
68 10
68 11
68 48
68 406
68 448
68 449
68 450
68 451
68 452
68 453
68 454
68 455
68 456
68 457
68 458
68 459
68 460
68 461
68 462
68 463
68 528
68 529
68 530
68 531
68 532
68 533
68 534
68 535
68 536
68 537
68 538
68 539
68 540
68 541
69 12
69 13
69 49
69 406
69 542
69 543
69 544
69 545
70 14
70 15
70 49
70 407
70 546
70 547
70 548
70 549
71 16
71 17
71 50
71 407
71 550
71 551
72 18
72 50
72 408
72 552
72 553
72 554
73 19
73 51
73 409
73 555
73 556
73 557
74 20
74 51
74 409
74 558
74 559
75 21
75 51
75 410
75 560
75 561
76 22
76 52
76 411
76 562
76 563
77 23
77 52
77 412
77 564
77 565
78 23
78 52
78 413
78 566
79 24
79 53
79 414
79 567
80 25
80 53
80 415
80 568
81 25
81 53
81 416
81 569
81 570
82 25
82 53
82 417
82 571
83 26
83 54
83 418
83 419
83 572
84 26
84 54
84 420
84 573
85 26
85 54
85 421
85 574
86 26
86 54
86 422
86 423
86 575
87 27
87 54
87 424
87 425
87 575
88 27
88 54
88 426
88 427
88 576
89 27
89 54
89 428
89 429
89 577
90 27
90 54
90 430
90 431
90 432
90 577
91 27
91 54
91 433
91 434
91 435
91 578
92 27
92 54
92 436
92 437
92 438
92 579
93 439
93 440
93 441
93 442
93 579
94 443
94 444
94 445
94 446
94 528
94 529
94 530
94 531
94 532
94 533
94 534
94 535
94 536
94 537
94 538
94 539
94 580
95 447
95 448
95 449
95 450
95 451
95 452
95 453
95 454
95 455
95 456
95 457
95 458
95 459
95 460
95 461
95 462
95 463
95 540
95 541
95 542
95 580
96 543
96 544
96 581
97 545
97 546
97 547
97 581
98 548
98 582
99 549
99 550
99 582
100 551
100 582
101 552
101 583
102 553
102 583
103 554
103 584
104 555
104 584
105 556
105 584
106 556
106 585
107 557
107 585
108 558
108 585
109 558
109 585
110 559
110 586
111 559
111 586
112 559
112 586
113 560
113 586
114 560
114 587
115 561
115 587
116 561
116 587
117 561
117 587
118 561
118 588
119 562
119 588
120 562
120 588
121 562
121 588
122 562
122 588
123 562
123 588
124 562
124 588
125 562
125 588
125 658
125 685
126 562
126 588
126 658
126 685
127 562
127 588
127 658
127 685
128 562
128 588
128 658
128 685
129 658
129 685
130 658
130 685
131 658
131 685
132 658
132 685
133 658
133 685
134 658
134 685
135 658
135 685
136 658
136 685
137 658
137 685
138 658
138 685
139 658
139 685
140 658
140 685
141 658
141 685
142 658
142 685
143 658
143 685
144 657
144 685
145 657
145 686
146 657
146 686
147 656
147 686
148 656
148 687
149 656
149 687
150 655
150 688
151 655
151 688
152 654
152 688
153 654
153 689
154 653
154 690
154 756
155 653
155 690
155 756
156 652
156 691
156 756
157 651
157 692
157 756
158 650
158 693
158 756
159 649
159 694
159 755
160 647
160 648
160 695
160 696
160 755
161 645
161 646
161 697
161 698
161 755
162 643
162 644
162 699
162 700
162 754
163 640
163 641
163 642
163 701
163 702
163 703
163 754
164 636
164 637
164 638
164 639
164 704
164 705
164 706
164 707
164 751
164 752
164 753
165 622
165 623
165 624
165 625
165 626
165 627
165 628
165 629
165 630
165 631
165 632
165 633
165 634
165 635
165 708
165 709
165 710
165 711
165 712
165 713
165 714
165 715
165 716
165 717
165 718
165 719
165 720
165 721
165 747
165 748
165 749
165 750
174 27
175 27
176 27
177 27
178 27
179 27
180 27
181 27
182 27
183 27
184 28
185 28
186 28
187 28
188 29
189 29
190 29
191 30
192 30
193 30
194 30
195 31
196 31
197 31
198 32
199 32
200 33
201 33
202 34
202 436
202 437
202 438
202 439
202 440
202 441
202 442
202 443
202 444
202 445
202 446
202 447
202 448
202 449
202 450
202 451
202 452
202 453
203 34
203 454
203 455
203 456
204 35
204 457
204 458
205 35
205 459
205 460
205 461
206 36
206 462
206 463
207 37
207 464
207 465
207 466
208 37
208 467
208 468
209 38
209 469
209 470
210 39
210 471
210 472
211 40
211 473
211 474
212 41
212 42
212 475
213 43
213 476
213 477
214 44
214 478
215 45
215 46
215 479
215 480
216 47
216 48
216 481
217 49
217 482
218 50
218 51
218 483
219 52
219 53
219 54
219 484
220 55
220 56
220 485
221 57
221 58
221 486
222 59
222 60
222 61
222 486
223 62
223 63
223 487
224 64
224 65
224 66
224 488
225 67
225 68
225 69
225 488
226 70
226 71
226 489
227 72
227 73
227 74
227 490
228 75
228 76
228 77
228 490
229 78
229 79
229 80
229 81
229 82
229 83
229 84
229 85
229 86
229 87
229 88
229 89
229 436
229 437
229 438
229 439
229 440
229 441
229 442
229 443
229 444
229 445
229 446
229 447
229 448
229 449
229 491
230 450
230 451
230 452
230 491
231 453
231 454
231 492
232 455
232 456
232 492
233 457
233 458
233 492
234 459
234 493
235 460
235 461
235 493
236 462
236 494
237 463
237 494
238 464
238 494
239 465
239 495
240 466
240 495
241 467
241 495
242 467
242 496
243 468
243 496
244 468
244 496
245 469
245 496
246 469
246 497
247 469
247 497
248 470
248 497
249 470
249 497
250 470
250 497
251 470
251 497
252 470
252 497
253 470
253 497
254 470
254 497
255 470
255 497
256 470
256 497
257 470
257 497
258 470
258 497
259 470
259 497
260 470
260 497
261 470
261 497
262 470
262 497
263 470
263 497
299 832
300 832
301 831
302 831
303 830
304 829
304 830
305 820
305 821
305 822
305 823
305 824
305 825
305 826
305 827
305 828
372 27
372 54
372 470
372 497
373 27
373 54
373 470
373 497
374 27
374 54
374 470
374 497
375 27
375 54
375 470
375 497
376 27
376 54
376 470
376 497
377 27
377 54
377 470
377 497
378 27
378 54
378 470
378 497
379 27
379 54
379 470
379 497
380 27
380 54
380 470
380 497
381 27
381 54
381 470
381 497
382 27
382 54
382 470
382 497
383 27
383 54
383 470
383 497
384 27
384 54
384 470
384 497
385 27
385 55
385 469
385 497
386 28
386 55
386 469
386 497
387 28
387 55
387 469
387 496
388 28
388 56
388 468
388 496
389 28
389 56
389 468
389 496
390 29
390 57
390 467
390 496
391 29
391 57
391 467
391 495
392 29
392 57
392 467
392 495
393 29
393 58
393 466
393 495
394 30
394 58
394 466
394 494
395 30
395 59
395 465
395 494
396 30
396 60
396 465
396 494
397 30
397 60
397 464
397 493
398 31
398 61
398 463
398 493
399 31
399 62
399 462
399 493
400 31
400 63
400 461
400 492
401 32
401 64
401 459
401 460
401 492
402 32
402 65
402 66
402 458
402 492
403 33
403 67
403 68
403 456
403 457
403 491
404 33
404 69
404 70
404 454
404 455
404 491
405 34
405 71
405 72
405 73
405 452
405 453
405 490
406 34
406 74
406 75
406 76
406 77
406 78
406 79
406 80
406 81
406 82
406 83
406 84
406 85
406 144
406 145
406 146
406 147
406 148
406 149
406 150
406 151
406 152
406 153
406 154
406 155
406 357
406 358
406 359
406 360
406 361
406 362
406 436
406 437
406 438
406 439
406 440
406 441
406 442
406 443
406 444
406 445
406 446
406 447
406 448
406 449
406 450
406 451
406 490
407 35
407 156
407 157
407 158
407 159
407 353
407 354
407 355
407 356
407 489
408 35
408 160
408 161
408 162
408 163
408 164
408 349
408 350
408 351
408 352
408 489
409 36
409 165
409 166
409 167
409 346
409 347
409 348
409 488
410 36
410 168
410 169
410 170
410 342
410 343
410 344
410 345
410 488
411 37
411 171
411 172
411 173
411 340
411 341
411 487
412 38
412 174
412 175
412 337
412 338
412 339
412 487
413 38
413 176
413 177
413 335
413 336
413 486
414 39
414 178
414 179
414 333
414 334
414 485
415 40
415 180
415 181
415 331
415 332
415 485
416 41
416 182
416 183
416 330
416 484
417 42
417 184
417 328
417 329
417 483
418 43
418 185
418 186
418 327
418 482
419 44
419 187
419 325
419 326
419 481
420 45
420 188
420 324
420 480
421 46
421 189
421 190
421 323
421 479
422 47
422 48
422 191
422 322
422 477
422 478
423 49
423 192
423 321
423 476
424 50
424 51
424 193
424 320
424 474
424 475
425 52
425 193
425 320
425 472
425 473
426 53
426 54
426 194
426 319
426 470
426 471
427 55
427 56
427 57
427 195
427 318
427 468
427 469
428 58
428 59
428 196
428 317
428 465
428 466
428 467
429 60
429 61
429 62
429 197
429 317
429 463
429 464
430 63
430 64
430 65
430 197
430 316
430 460
430 461
430 462
431 66
431 67
431 68
431 198
431 316
431 457
431 458
431 459
432 69
432 70
432 71
432 72
432 199
432 315
432 453
432 454
432 455
432 456
433 73
433 74
433 75
433 76
433 77
433 78
433 79
433 80
433 81
433 82
433 83
433 84
433 85
433 144
433 145
433 146
433 147
433 148
433 149
433 150
433 151
433 152
433 153
433 154
433 155
433 199
433 315
433 357
433 358
433 359
433 360
433 361
433 362
433 436
433 437
433 438
433 439
433 440
433 441
433 442
433 443
433 444
433 445
433 446
433 447
433 448
433 449
433 450
433 451
433 452
434 156
434 157
434 158
434 159
434 200
434 314
434 355
434 356
435 160
435 161
435 162
435 200
435 314
435 353
435 354
436 163
436 164
436 165
436 201
436 313
436 351
436 352
437 166
437 167
437 201
437 313
437 349
437 350
438 168
438 169
438 202
438 312
438 347
438 348
439 170
439 202
439 312
439 345
439 346
440 171
440 202
440 312
440 344
441 172
441 203
441 311
441 343
442 173
442 203
442 311
442 342
443 174
443 203
443 311
443 341
444 175
444 204
444 311
444 340
445 175
445 204
445 310
445 340
445 755
446 176
446 204
446 310
446 339
446 755
447 177
447 204
447 310
447 339
447 754
448 177
448 205
448 310
448 338
448 754
449 177
449 205
449 310
449 338
449 752
449 753
450 178
450 205
450 309
450 338
450 751
451 178
451 205
451 309
451 337
452 178
452 205
452 309
452 337
453 178
453 206
453 309
453 337
454 179
454 206
454 309
454 336
455 179
455 206
455 309
455 336
456 179
456 206
456 309
456 336
457 179
457 206
457 309
457 336
458 179
458 206
458 309
458 336
459 179
459 206
459 309
459 336
460 179
460 206
460 309
460 336
461 179
461 206
462 179
462 206
463 179
463 206
464 179
464 206
465 179
465 206
477 751
477 752
478 753
479 754
480 754
481 755
482 755
649 755
650 755
650 782
651 754
651 782
652 754
652 782
653 754
653 781
654 753
654 781
655 753
655 781
656 753
656 781
657 752
657 780
658 752
658 780
659 752
659 780
660 751
660 779
661 751
661 779
662 750
662 779
663 750
663 779
664 749
664 778
665 749
665 778
666 748
666 778
667 747
667 777
668 747
668 777
669 561
669 588
669 746
669 777
670 561
670 588
670 745
670 776
671 561
671 588
671 744
671 776
672 561
672 588
672 743
672 775
673 561
673 588
673 742
673 775
674 179
674 206
674 561
674 588
674 741
674 774
675 179
675 206
675 561
675 588
675 740
675 774
676 179
676 206
676 561
676 588
676 738
676 739
676 774
677 179
677 206
677 561
677 588
677 737
677 773
678 179
678 206
678 561
678 588
678 735
678 736
678 773
679 179
679 206
679 560
679 588
679 733
679 734
679 772
680 179
680 206
680 560
680 589
680 730
680 731
680 732
680 771
681 178
681 207
681 560
681 589
681 728
681 729
681 771
682 177
682 178
682 207
682 558
682 559
682 590
682 725
682 726
682 727
682 770
683 171
683 172
683 173
683 174
683 175
683 176
683 208
683 209
683 555
683 556
683 557
683 591
683 592
683 593
683 721
683 722
683 723
683 724
683 770
684 210
684 211
684 212
684 213
684 214
684 215
684 546
684 547
684 548
684 549
684 550
684 551
684 552
684 553
684 554
684 594
684 595
684 596
684 597
684 598
684 599
684 600
684 601
684 602
684 603
684 604
684 718
684 719
684 720
684 769
685 768
686 768
687 767
688 766
689 765
690 764
691 763
692 762
693 761
694 760
695 759
696 757
696 758
697 756
698 754
698 755
699 752
699 753
700 750
700 751
701 749
702 746
702 747
702 748
703 744
703 745
704 741
704 742
704 743
705 738
705 739
705 740
706 735
706 736
706 737
707 731
707 732
707 733
707 734
707 923
707 924
707 925
707 926
707 927
707 928
707 929
707 930
707 931
707 932
707 933
707 934
707 935
707 936
708 727
708 728
708 729
708 730
708 920
708 921
708 922
709 722
709 723
709 724
709 725
709 726
709 917
709 918
709 919
710 171
710 172
710 173
710 174
710 175
710 545
710 546
710 547
710 548
710 549
710 550
710 551
710 552
710 719
710 720
710 721
710 914
710 915
710 916
711 176
711 177
711 210
711 211
711 212
711 213
711 214
711 215
711 553
711 554
711 593
711 594
711 595
711 596
711 597
711 598
711 599
711 600
711 601
711 602
711 603
711 604
711 912
711 913
712 178
712 208
712 209
712 555
712 556
712 557
712 558
712 591
712 592
712 909
712 910
712 911
713 179
713 207
713 559
713 590
713 907
713 908
714 179
714 206
714 560
714 589
714 905
714 906
715 179
715 206
715 560
715 589
715 903
715 904
716 179
716 206
716 560
716 588
716 901
716 902
717 179
717 206
717 561
717 588
717 899
717 900
718 179
718 206
718 561
718 588
718 897
718 898
719 561
719 588
719 896
720 561
720 588
720 894
720 895
721 561
721 588
721 893
722 561
722 588
722 892
723 561
723 588
723 890
723 891
724 561
724 588
724 889
725 561
725 588
725 888
726 887
727 886
728 885
729 884
730 883
731 882
732 881
733 880
734 880
734 927
734 928
734 929
734 930
734 931
734 932
734 933
734 934
734 935
734 936
735 879
735 923
735 924
735 925
735 926
736 878
736 920
736 921
736 922
737 877
737 918
737 919
738 877
738 915
738 916
738 917
739 876
739 913
739 914
740 876
740 912
741 875
741 910
741 911
742 875
742 909
743 874
743 908
744 874
744 907
745 873
745 906
746 873
746 905
747 872
747 904
748 872
748 903
749 872
749 902
750 871
750 901
751 871
751 901
752 871
752 900
753 871
753 899
754 870
754 899
755 870
755 898
756 870
756 898
757 869
757 897
758 869
758 897
759 869
759 896
760 869
760 895
761 868
761 895
762 868
762 894
763 868
763 894
764 868
764 893
765 868
765 893
766 868
766 893
767 867
767 893
768 867
768 893
769 867
769 893
770 866
770 893
771 866
771 893
772 866
772 893
773 866
773 893
774 866
774 893
775 866
775 893
776 866
776 893
777 866
777 893
778 866
778 893
779 866
779 893
780 866
780 893
781 866
781 893
782 866
782 893
783 866
783 893
941 867
942 867
942 893
943 867
943 893
944 867
944 893
945 867
945 893
946 867
946 893
947 867
947 893
948 867
948 893
949 867
949 893
950 867
950 893
951 867
951 893
952 867
952 893
953 867
953 893
954 867
954 893
955 866
955 893
956 866
956 894
957 865
957 894
958 862
958 863
958 864
958 895
958 896
958 897
959 276
959 277
959 278
959 279
959 280
959 281
959 282
959 283
959 284
959 285
959 850
959 851
959 852
959 853
959 854
959 855
959 856
959 857
959 858
959 859
959 860
959 861
959 898
959 899
959 900
959 901
959 902
959 903
959 904
959 905
959 906
959 907
959 908
959 909
960 272
960 273
960 274
960 275
961 269
961 270
961 271
962 265
962 266
962 267
962 268
963 263
963 264
964 260
964 261
964 262
965 258
965 259
966 255
966 256
966 257
967 253
967 254
968 252
969 250
969 251
970 248
970 249
971 247
972 246
973 244
973 245
974 243
975 242
976 241
977 240
978 239
979 239
980 238
981 237
982 236
983 236
984 235
985 235
986 234
986 278
986 279
986 280
986 281
986 282
986 283
986 284
986 285
986 667
986 668
986 669
986 670
986 671
986 672
986 673
986 674
986 709
986 710
986 711
986 712
986 713
986 714
986 715
986 848
986 849
986 850
986 851
986 852
986 853
986 854
986 855
986 856
986 857
986 858
986 859
986 860
986 861
986 897
986 898
986 899
986 900
986 901
986 902
986 903
986 904
986 905
986 906
986 907
986 908
986 909
987 234
987 274
987 275
987 276
987 277
987 675
987 676
987 707
987 708
987 862
987 863
987 864
987 895
987 896
988 233
988 271
988 272
988 273
988 677
988 706
988 865
988 894
989 233
989 268
989 269
989 270
989 677
989 706
989 865
989 894
990 232
990 266
990 267
990 678
990 705
990 866
990 893
991 232
991 265
991 678
991 705
991 866
991 893
992 232
992 263
992 264
992 678
992 705
992 866
992 893
993 231
993 262
993 678
993 705
993 867
993 893
994 231
994 261
994 678
994 705
994 867
994 893
995 231
995 260
995 678
995 705
995 867
995 893
996 230
996 259
996 678
996 705
996 867
996 893
997 230
997 259
997 678
997 705
997 867
997 893
998 229
998 258
998 867
998 893
999 229
999 258
999 867
999 893
1000 179
1000 229
1000 257
1000 867
1000 893
1001 179
1001 229
1001 257
1001 867
1001 893
1002 179
1002 228
1002 256
1002 867
1002 893
1003 179
1003 206
1003 228
1003 256
1003 867
1003 893
1004 179
1004 206
1004 228
1004 256
1004 867
1004 893
1005 179
1005 206
1005 228
1005 255
1005 867
1005 893
1006 178
1006 206
1006 227
1006 255
1007 178
1007 206
1007 227
1007 255
1008 178
1008 206
1008 227
1008 254
1009 178
1009 205
1009 227
1009 254
1010 177
1010 205
1010 227
1010 254
1011 177
1011 205
1011 227
1011 254
1012 177
1012 205
1012 227
1012 254
1012 309
1012 336
1013 176
1013 205
1013 227
1013 254
1013 309
1013 336
1014 176
1014 205
1014 227
1014 254
1014 309
1014 336
1015 176
1015 204
1015 227
1015 254
1015 309
1015 336
1016 175
1016 204
1016 227
1016 254
1016 309
1016 336
1017 175
1017 204
1017 227
1017 254
1017 309
1017 336
1018 174
1018 204
1018 227
1018 254
1018 309
1018 336
1019 174
1019 203
1019 227
1019 254
1019 309
1019 336
1020 173
1020 203
1020 227
1020 255
1020 308
1020 336
1021 173
1021 202
1021 227
1021 255
1021 308
1021 336
1022 172
1022 202
1022 227
1022 255
1022 308
1022 335
1023 171
1023 202
1023 228
1023 255
1023 307
1023 335
1024 170
1024 201
1024 228
1024 256
1024 307
1024 335
1025 169
1025 201
1025 228
1025 256
1025 307
1025 335
1026 168
1026 200
1026 228
1026 257
1026 306
1026 334
1027 167
1027 200
1027 229
1027 257
1027 306
1027 334
1028 166
1028 199
1028 229
1028 258
1028 305
1028 334
1029 199
1029 229
1029 258
1029 305
1029 334
1030 198
1030 230
1030 259
1030 304
1030 333
1031 197
1031 230
1031 260
1031 303
1031 333
1032 197
1032 230
1032 261
1032 303
1032 333
1033 196
1033 231
1033 261
1033 262
1033 302
1033 332
1034 195
1034 231
1034 263
1034 300
1034 301
1034 332
1035 195
1035 231
1035 264
1035 299
1035 331
1036 194
1036 232
1036 265
1036 266
1036 298
1036 331
1037 193
1037 232
1037 267
1037 268
1037 296
1037 297
1037 331
1038 192
1038 232
1038 269
1038 270
1038 293
1038 294
1038 295
1038 330
1039 191
1039 233
1039 271
1039 272
1039 273
1039 290
1039 291
1039 292
1039 330
1040 191
1040 233
1040 274
1040 275
1040 276
1040 277
1040 286
1040 287
1040 288
1040 289
1040 329
1041 190
1041 234
1041 278
1041 279
1041 280
1041 281
1041 282
1041 283
1041 284
1041 285
1041 329
1042 189
1042 234
1042 328
1043 235
1043 328
1044 235
1044 327
1045 236
1045 327
1046 237
1046 326
1047 237
1047 325
1048 238
1048 325
1049 239
1049 324
1050 240
1050 323
1051 241
1051 322
1052 242
1052 321
1053 243
1053 320
1054 244
1054 319
1055 245
1055 246
1055 318
1056 247
1056 317
1057 248
1057 315
1057 316
1058 249
1058 250
1058 314
1059 251
1059 252
1059 312
1059 313
1060 253
1060 254
1060 310
1060 311
1061 255
1061 256
1061 257
1061 308
1061 309
1062 258
1062 259
1062 306
1062 307
1063 260
1063 261
1063 262
1063 304
1063 305
1064 263
1064 264
1064 265
1064 301
1064 302
1064 303
1065 266
1065 267
1065 268
1065 297
1065 298
1065 299
1065 300
1066 269
1066 270
1066 271
1066 294
1066 295
1066 296
1067 272
1067 273
1067 274
1067 275
1067 290
1067 291
1067 292
1067 293
1068 276
1068 277
1068 278
1068 279
1068 280
1068 281
1068 282
1068 283
1068 284
1068 285
1068 286
1068 287
1068 288
1068 289
1172 678
1172 705
1173 678
1173 705
1174 678
1174 705
1175 678
1175 705
1176 678
1176 705
1177 678
1177 705
1178 678
1178 705
1179 677
1179 706
1180 677
1180 706
1181 675
1181 676
1181 707
1182 626
1182 627
1182 628
1182 629
1182 630
1182 631
1182 632
1182 633
1182 634
1182 635
1182 666
1182 667
1182 668
1182 669
1182 670
1182 671
1182 672
1182 673
1182 674
1182 708
1182 709
1182 710
1182 711
1182 712
1182 713
1182 714
1182 715
1182 716
1182 717
1182 718
1182 719
1182 720
1182 721
1183 621
1183 622
1183 623
1183 624
1183 625
1184 616
1184 617
1184 618
1184 619
1184 620
1185 612
1185 613
1185 614
1185 615
1186 609
1186 610
1186 611
1187 605
1187 606
1187 607
1187 608
1188 603
1188 604
1189 600
1189 601
1189 602
1190 598
1190 599
1191 596
1191 597
1192 594
1192 595
1193 592
1193 593
1194 590
1194 591
1195 589
1196 588
1197 586
1197 587
1198 585
1199 584
1200 583
1201 582
1202 581
1203 580
1204 579
1205 578
1206 577
1207 577
1208 576
1209 575
1209 625
1209 626
1209 627
1209 628
1209 629
1209 630
1209 631
1209 632
1209 633
1209 634
1209 635
1209 665
1209 666
1209 667
1209 668
1209 669
1209 670
1209 671
1209 672
1209 673
1209 709
1209 710
1209 711
1209 712
1209 713
1209 714
1209 715
1209 716
1209 717
1209 718
1209 719
1209 720
1209 721
1210 575
1210 621
1210 622
1210 623
1210 624
1210 674
1210 675
1210 707
1210 708
1211 574
1211 618
1211 619
1211 620
1211 676
1211 706
1212 573
1212 615
1212 616
1212 617
1212 677
1212 706
1213 573
1213 612
1213 613
1213 614
1213 677
1213 705
1214 572
1214 610
1214 611
1214 678
1214 705
1215 572
1215 608
1215 609
1215 678
1215 705
1216 571
1216 606
1216 607
1216 678
1216 705
1217 570
1217 605
1217 678
1217 705
1218 570
1218 603
1218 604
1218 678
1218 705
1219 569
1219 602
1219 678
1219 705
1220 569
1220 601
1220 678
1220 705
1221 569
1221 600
1221 678
1221 705
1222 568
1222 599
1222 678
1222 705
1223 568
1223 598
1223 678
1223 705
1224 567
1224 597
1224 678
1224 705
1225 567
1225 597
1226 566
1226 596
1227 566
1227 595
1228 566
1228 595
1229 565
1229 594
1230 565
1230 594
1231 565
1231 593
1232 564
1232 593
1233 564
1233 592
1234 564
1234 592
1235 563
1235 591
1236 563
1236 591
1237 563
1237 591
1238 562
1238 590
1239 562
1239 590
1240 562
1240 590
1241 562
1241 589
1242 562
1242 589
1243 562
1243 589
1244 562
1244 589
1245 562
1245 589
1246 562
1246 589
1247 562
1247 589
1326 866
1327 866
1328 866
1328 893
1329 866
1329 893
1330 866
1330 893
1331 866
1331 893
1332 866
1332 893
1333 866
1333 893
1334 866
1334 893
1335 866
1335 893
1336 866
1336 893
1337 866
1337 893
1338 865
1338 893
1339 865
1339 893
1340 865
1340 894
1341 865
1341 894
1342 865
1342 894
1343 865
1343 894
1344 864
1344 895
1345 864
1345 895
1346 864
1346 895
1347 864
1347 896
1348 864
1348 896
1349 864
1349 896
1350 863
1350 896
1351 863
1351 897
1352 863
1352 897
1356 330
1356 331
1356 332
1356 333
1356 334
1356 335
1356 336
1356 337
1356 338
1356 339
1356 340
1356 341
1356 342
1356 343
1357 344
1357 345
1357 346
1357 347
1358 348
1358 349
1358 350
1358 351
1359 352
1359 353
1359 354
1360 355
1360 356
1360 357
1361 358
1361 359
1362 360
1362 361
1362 362
1363 363
1363 364
1364 365
1364 366
1365 367
1365 368
1366 369
1367 370
1367 371
1368 372
1369 373
1370 374
1371 375
1371 376
1372 376
1373 330
1373 331
1373 332
1373 333
1373 334
1373 335
1373 336
1373 337
1373 338
1373 339
1373 340
1373 341
1373 342
1373 343
1373 377
1374 344
1374 345
1374 346
1374 347
1374 378
1375 348
1375 349
1375 350
1375 379
1376 351
1376 352
1376 353
1376 380
1377 354
1377 355
1377 381
1378 356
1378 357
1378 381
1379 358
1379 359
1379 382
1380 360
1380 361
1380 382
1381 362
1381 383
1382 363
1382 364
1382 384
1383 330
1383 331
1383 332
1383 333
1383 334
1383 335
1383 336
1383 337
1383 338
1383 339
1383 340
1383 341
1383 365
1383 384
1384 342
1384 343
1384 344
1384 345
1384 366
1384 385
1385 346
1385 347
1385 348
1385 367
1385 385
1386 349
1386 350
1386 351
1386 368
1386 386
1387 352
1387 353
1387 369
1387 386
1388 354
1388 355
1388 369
1388 387
1389 356
1389 370
1389 387
1390 357
1390 371
1390 387
1391 358
1391 371
1391 388
1392 359
1392 372
1392 388
1393 360
1393 372
1393 389
1394 361
1394 373
1394 389
1395 361
1395 373
1395 389
1396 362
1396 373
1396 390
1397 362
1397 374
1397 390
1397 457
1397 483
1397 562
1397 589
1398 363
1398 374
1398 391
1398 457
1398 483
1398 562
1398 589
1399 363
1399 374
1399 391
1399 457
1399 483
1399 562
1399 589
1400 364
1400 374
1400 391
1400 457
1400 483
1400 562
1400 589
1401 364
1401 375
1401 392
1401 457
1401 483
1401 562
1401 589
1402 364
1402 375
1402 392
1402 457
1402 483
1402 562
1402 589
1403 365
1403 375
1403 392
1403 457
1403 483
1403 562
1403 589
1404 365
1404 375
1404 392
1404 457
1404 483
1404 562
1404 589
1405 365
1405 375
1405 392
1405 457
1405 483
1405 561
1405 589
1406 365
1406 375
1406 392
1406 457
1406 483
1406 561
1406 589
1407 365
1407 375
1407 392
1407 457
1407 483
1407 561
1407 589
1408 365
1408 375
1408 392
1408 457
1408 483
1408 561
1408 588
1409 365
1409 375
1409 392
1409 457
1409 484
1409 560
1409 588
1410 365
1410 375
1410 392
1410 457
1410 484
1410 560
1410 588
1411 365
1411 375
1411 392
1411 457
1411 485
1411 560
1411 588
1412 365
1412 375
1412 392
1412 458
1412 485
1412 559
1412 587
1413 365
1413 375
1413 392
1413 458
1413 485
1413 559
1413 587
1414 365
1414 375
1414 392
1414 458
1414 486
1414 559
1414 587
1415 365
1415 375
1415 392
1415 459
1415 486
1415 558
1415 587
1416 459
1416 487
1416 558
1416 586
1417 459
1417 487
1417 557
1417 586
1418 459
1418 488
1418 557
1418 586
1419 460
1419 489
1419 556
1419 585
1420 460
1420 489
1420 556
1420 585
1421 460
1421 490
1421 555
1421 585
1422 461
1422 490
1422 554
1422 584
1423 461
1423 491
1423 554
1423 584
1424 462
1424 492
1424 553
1424 584
1425 462
1425 493
1425 552
1425 583
1426 462
1426 494
1426 551
1426 583
1427 463
1427 494
1427 551
1427 582
1428 463
1428 495
1428 549
1428 550
1428 582
1429 463
1429 496
1429 497
1429 548
1429 581
1430 464
1430 498
1430 547
1430 581
1431 464
1431 499
1431 546
1431 580
1432 465
1432 500
1432 501
1432 544
1432 545
1432 580
1432 876
1433 465
1433 502
1433 543
1433 579
1433 876
1434 466
1434 503
1434 504
1434 541
1434 542
1434 579
1434 876
1435 466
1435 505
1435 506
1435 539
1435 540
1435 578
1435 876
1436 467
1436 507
1436 508
1436 509
1436 536
1436 537
1436 538
1436 578
1436 876
1437 467
1437 510
1437 511
1437 533
1437 534
1437 535
1437 577
1437 876
1438 468
1438 512
1438 513
1438 514
1438 515
1438 530
1438 531
1438 532
1438 576
1438 876
1439 469
1439 516
1439 517
1439 518
1439 519
1439 520
1439 521
1439 522
1439 523
1439 524
1439 525
1439 526
1439 527
1439 528
1439 529
1439 576
1439 876
1440 469
1440 575
1440 875
1441 470
1441 574
1441 875
1442 471
1442 573
1442 874
1443 471
1443 573
1443 874
1444 472
1444 572
1445 473
1445 571
1446 474
1446 570
1447 475
1447 569
1448 476
1448 568
1449 477
1449 566
1449 567
1450 478
1450 565
1451 479
1451 480
1451 564
1452 481
1452 562
1452 563
1453 482
1453 483
1453 561
1454 484
1454 559
1454 560
1455 485
1455 486
1455 558
1456 487
1456 488
1456 556
1456 557
1457 489
1457 490
1457 554
1457 555
1458 491
1458 492
1458 552
1458 553
1459 493
1459 494
1459 550
1459 551
1460 495
1460 496
1460 497
1460 547
1460 548
1460 549
1461 498
1461 499
1461 500
1461 545
1461 546
1462 501
1462 502
1462 503
1462 542
1462 543
1462 544
1463 504
1463 505
1463 506
1463 539
1463 540
1463 541
1464 507
1464 508
1464 509
1464 510
1464 536
1464 537
1464 538
1465 511
1465 512
1465 513
1465 514
1465 532
1465 533
1465 534
1465 535
1466 515
1466 516
1466 517
1466 518
1466 519
1466 520
1466 521
1466 522
1466 523
1466 524
1466 525
1466 526
1466 527
1466 528
1466 529
1466 530
1466 531
1600 678
1600 705
1601 678
1601 705
1602 678
1602 705
1603 678
1603 705
1604 678
1604 704
1605 678
1605 704
1606 678
1606 704
1607 678
1607 704
1608 677
1608 704
1609 677
1609 704
1610 677
1610 703
1611 677
1611 703
1612 676
1612 703
1613 676
1613 703
1614 676
1614 703
1615 675
1615 702
1616 675
1616 702
1617 674
1617 702
1618 674
1618 702
1619 673
1619 701
1620 672
1620 701
1621 672
1621 701
1622 671
1622 701
1623 670
1623 700
1624 668
1624 669
1624 700
1625 667
1625 700
1626 665
1626 666
1626 699
1627 663
1627 664
1627 699
1628 659
1628 660
1628 661
1628 662
1628 699
1629 655
1629 656
1629 657
1629 658
1629 698
1630 645
1630 646
1630 647
1630 648
1630 649
1630 650
1630 651
1630 652
1630 653
1630 654
1630 698
1631 697
1632 697
1633 696
1634 696
1635 695
1636 694
1637 694
1638 693
1639 692
1640 692
1641 691
1642 690
1643 689
1644 687
1644 688
1645 686
1646 685
1647 683
1647 684
1648 682
1649 680
1649 681
1650 678
1650 679
1651 675
1651 676
1651 677
1652 673
1652 674
1653 670
1653 671
1653 672
1654 667
1654 668
1654 669
1655 662
1655 663
1655 664
1655 665
1655 666
1656 657
1656 658
1656 659
1656 660
1656 661
1657 645
1657 646
1657 647
1657 648
1657 649
1657 650
1657 651
1657 652
1657 653
1657 654
1657 655
1657 656
1702 255
1703 255
1704 255
1705 255
1706 255
1707 255
1708 255
1709 255
1710 255
1711 255
1712 255
1713 254
1714 254
1715 254
1716 254
1717 254
1718 253
1719 253
1720 253
1721 252
1722 252
1723 251
1724 251
1725 251
1726 250
1727 249
1728 249
1729 248
1730 248
1731 247
1732 246
1733 245
1734 244
1735 243
1736 242
1737 241
1738 239
1738 240
1739 237
1739 238
1740 235
1740 236
1741 229
1741 230
1741 231
1741 232
1741 233
1741 234
1751 229
1751 230
1751 231
1751 232
1751 233
1751 234
1752 235
1752 236
1753 236
1754 237
1755 237
1756 237
1757 238
1758 238
1759 238
1760 238
1761 238
1762 238
1763 238
1764 238
1765 238
1766 238
1767 238
