65 0 90
55 0 90
332 0 90
322 0 90
710 0 90
700 0 90
1232 0 135
1222 0 135
1383 0 90
1373 0 90
1751 0 90
1741 0 90
0 238 0
0 248 0
0 398 0
0 408 0 
0 658 0
0 668 0
0 756 0
0 766 0
0 832 0
0 842 0
0 1063 -30
0 1073 -30
307 1079 -90
317 1079 -90
707 1079 -90
717 1079 -90
959 1079 -90
969 1079 -90
1182 1079 -90
1192 1079 -90
1919 267 180
1919 257 180
1919 394 180
1919 384 180
1919 549 180
1919 539 180
1919 790 169.93931020468
1919 780 169.93931020468
1919 997 190.06068979532
1919 987 190.06068979532