1353 342
1353 343
1353 344
1354 345
1354 346
1354 347
1354 348
1355 349
1355 350
1355 351
1355 352
1356 353
1356 354
1356 355
1357 356
1357 357
1357 358
1358 359
1358 360
1358 361
1359 362
1359 363
1360 364
1360 365
1360 366
1361 367
1361 368
1362 369
1363 370
1363 371
1364 372
1365 373
1365 374
1366 375
1367 376
1368 377
1368 378
1369 379
1370 380
1371 381
1372 381
1373 382
1374 383
1375 384
1376 385
1377 385
1378 386
1379 387
1380 387
1381 388
1382 388
1383 389
1384 389
1385 390
1386 390
1387 391
1388 391
1389 391
1390 392
1391 392
1392 393
1393 393
1394 393
1395 394
1396 394
1397 394
1398 394
1399 395
1400 395
1401 395
1402 395
