198 251
199 251
200 251
201 251
202 251
203 251
204 251
205 251
206 251
207 251
208 251
209 251
210 251
211 251
212 251
213 251
214 251
215 251
216 251
217 251
218 251
219 251
220 251
221 251
222 251
223 251
224 251
225 251
226 251
227 251
228 251
229 251
230 251
231 251
232 251
318 24
318 25
318 26
318 27
318 28
318 29
318 30
318 31
318 32
318 33
318 34
318 35
318 36
318 37
318 38
318 39
318 40
318 41
318 42
318 43
318 44
318 45
318 46
318 47
318 48
318 49
318 50
318 51
318 52
318 53
318 54
318 55
318 56
318 57
318 58
318 467
318 468
318 469
318 470
318 471
318 472
318 473
318 474
318 475
318 476
318 477
318 478
318 479
318 480
318 481
318 482
318 483
318 484
318 485
318 486
318 487
318 488
318 489
318 490
318 491
318 492
318 493
318 494
318 495
318 496
318 497
318 498
318 499
318 500
318 558
318 559
318 560
318 561
318 562
318 563
318 564
318 565
318 566
318 567
318 568
318 569
318 570
318 571
318 572
318 573
318 574
318 575
318 576
318 577
318 578
318 579
318 580
318 581
318 582
318 583
318 584
318 585
318 586
318 587
318 588
318 589
318 590
318 591
318 752
318 753
318 754
318 755
318 756
318 757
318 758
318 759
318 760
318 761
318 762
318 763
318 764
318 765
318 766
318 767
318 768
318 769
318 770
318 771
318 772
318 773
318 774
318 775
318 776
318 777
318 778
318 779
318 780
318 781
318 782
318 783
318 784
318 785
318 875
318 876
318 877
318 878
318 879
318 880
318 881
318 882
318 883
318 884
318 885
318 886
318 887
318 888
318 889
318 890
318 891
318 892
318 893
318 894
318 895
318 896
318 897
318 898
318 899
318 900
318 901
318 902
318 903
318 904
318 905
318 906
318 907
318 908
318 909
318 910
318 911
318 912
318 913
680 251
681 251
681 535
682 251
682 535
683 251
683 535
684 251
684 535
685 251
685 535
686 251
686 535
687 251
687 535
688 251
688 535
689 251
689 535
690 251
690 535
691 251
691 535
692 251
692 535
693 251
693 535
694 251
694 535
695 251
695 535
696 251
696 535
697 251
697 535
698 251
698 306
698 307
698 308
698 309
698 310
698 311
698 312
698 313
698 314
698 315
698 316
698 317
698 318
698 319
698 320
698 321
698 322
698 323
698 324
698 325
698 326
698 327
698 328
698 329
698 330
698 331
698 332
698 333
698 334
698 335
698 336
698 337
698 338
698 339
698 535
699 251
699 535
700 251
700 535
701 251
701 535
702 251
702 535
703 251
703 535
704 251
704 535
705 251
705 535
706 251
706 535
707 251
707 535
708 251
708 535
709 251
709 535
710 251
710 535
711 251
711 535
712 251
712 535
713 251
713 535
714 251
714 535
956 323
956 535
957 323
957 535
958 323
958 535
959 323
959 535
960 323
960 535
961 323
961 535
962 323
962 535
963 251
963 323
963 535
964 251
964 323
964 535
965 251
965 323
965 535
966 251
966 323
966 535
967 251
967 323
967 535
968 251
968 323
968 535
969 251
969 323
969 535
970 251
970 323
970 535
971 251
971 323
971 535
972 251
972 323
972 535
973 251
973 323
973 535
974 251
974 323
974 535
975 251
975 323
975 535
976 251
976 323
976 535
977 251
977 323
977 535
978 251
978 323
978 535
979 251
979 323
979 535
980 251
980 323
980 535
981 251
981 323
981 535
982 251
982 323
982 535
983 251
983 323
983 535
984 251
984 323
984 535
985 251
985 323
985 535
986 251
986 323
986 535
987 251
987 323
987 535
988 251
988 323
988 535
989 251
989 323
989 535
990 251
991 251
992 251
993 251
994 251
995 251
996 251
997 251
998 251
999 251
1000 251
1001 251
1002 251
1003 251
1004 251
1005 251
1006 251
1007 251
1008 251
1009 251
1010 251
1011 251
1012 251
1013 251
1014 251
1015 251
1016 251
1017 251
1018 251
1019 251
1020 251
1021 251
1022 251
1023 251
1024 251
1025 251
1026 251
1027 251
1028 251
1029 251
1030 251
1031 251
1032 251
1033 251
1034 251
1035 251
1036 251
1037 251
1038 251
1039 251
1040 251
1041 251
1042 251
1043 251
1044 251
1045 251
1046 251
1047 251
1048 251
1049 251
1050 251
1051 251
1052 251
1053 251
1054 251
1055 251
1056 251
1057 251
1058 251
1059 251
1060 251
1061 251
1062 251
1063 251
1196 864
1196 865
1196 866
1196 867
1196 868
1196 869
1196 870
1196 871
1196 872
1196 873
1196 874
1196 875
1196 876
1196 877
1196 878
1196 879
1196 880
1196 881
1196 882
1196 883
1196 884
1196 885
1196 886
1196 887
1196 888
1196 889
1196 890
1196 891
1196 892
1196 893
1196 894
1196 895
1196 896
1434 535
1435 535
1436 535
1437 535
1438 535
1439 535
1440 535
1441 535
1442 535
1443 535
1444 535
1445 535
1446 535
1447 535
1448 535
1449 535
1450 535
1451 535
1452 535
1453 535
1454 535
1455 535
1456 535
1457 535
1458 535
1459 535
1460 535
1461 535
1462 535
1463 535
1464 535
1465 535
1466 535
1467 535
1468 535
